0505 821 27 26
0532 650 22 11
0505 775 32 26
0532 779 89 73
0505 532 96 84
0543 746 21 73
0538 425 64 27
0532 523 56 55
0543 426 55 01
0534 911 55 04
0532 343 50 92
0530 441 40 23
0532 561 75 38
0535 375 83 82
0532 420 37 77
0532 788 03 98
0505 214 97 23
0538 262 95 84
0505 549 28 38
0505 483 06 97
0532 205 02 11
0532 321 76 48
0546 241 44 14
0532 657 33 96
0542 286 81 81
0533 724 34 06
0530 695 55 30
0505 455 98 88
0533 778 77 09
0532 475 91 91
0505 453 09 04
0534 873 18 18
0532 796 20 96
0505 887 82 73
0507 316 22 99
0544 275 90 37
0507 231 43 81
0542 522 49 42
0532 608 80 61
0535 655 66 93
0505 352 69 06
0530 691 64 24
0505 255 56 68
0534 840 12 71
0535 646 10 21
0533 211 97 21
0554 975 43 07
0535 892 96 96
0534 373 76 51
0532 677 06 50
0539 898 99 81
0505 466 35 91
0542 841 36 80
0531 797 35 99
0505 299 38 12
0542 822 00 60
0542 561 63 03
0546 468 66 06
0542 544 29 86
0532 392 35 02
0536 827 48 48
0537 954 66 94
0542 673 97 69
0505 443 40 59
0505 626 89 71
0533 293 13 64
0535 315 98 40
0532 271 51 78
0536 295 44 55
0505 821 27 26
0535 822 67 60
0532 708 37 88
0535 675 13 49
0505 775 32 26
0532 779 89 73
0539 346 81 70
0505 532 96 84
0543 746 21 73
0543 426 55 01
0532 732 81 88
0505 400 67 17
0505 542 85 05
0532 343 50 92
0532 561 75 38
0535 375 83 82
0533 745 87 18
0532 420 37 77
0532 788 03 98
0536 238 48 73
0535 651 61 31
0536 982 93 45
0533 455 62 32
0505 483 06 97
0546 241 44 14
0535 361 95 90
0534 873 18 18
0532 796 20 96
0507 316 22 99
0544 275 90 37
0507 231 43 81