17873366089
73376681602
35794942282
87651053349
01780844123
08888293422
84832836147
27595917861
49905106974
68380710578
63064233518
34545617713
56198339164
47139541703
49464379212
88675677745
16609873992
38395197786
02899309394
03223837139
76990477677
94378061856
26934836836
70966248001
04305166107
49351782688
22578812871
37440114255
88892346741
43538976523
92549705869
37307332312
39601548632
47229592977
24927063578
58961674721
00857446725
78589133905
17945740296
07308150725
57288268126
90771788329
94429354542
34495553115
52059895251
86129329182
63170926439
91643826107
28184755922
22110296082
08245002206
72349947094
90100447483
07057424980
02075196111
20446712836
05148125795
35321044458
97288975543
62695331666
82081457832
23291287846
73654677606
94541078263
79423415627
95195460036
29369495261
29584326258
24909752675
09860865114
58671317220
99210563454
56007289891
17286240146
51453097332
35976613088
88916306713
01195937528
04435351953
05559390661
29150336372
94250038239
08625504579
47429324740
54163681837
03214158934
06240024532
70710967207
19998297898
13665419965
28866293617
75040134019
40655973330
81267470672
82162178338
94138281543
63579124404
84759303405
36829374664
97725502598